1952
13394
-62180
-15505
1826
57902
47808
85252
94402
47093
-58329
-23764
-12255
-77068
-22479
-29710
62040
-39387
71748
18119
-63697
-82786
-88554
-91829
61076
57468
-1372
-49961
98403
-45902
-72128
-96495
54065
-8517
67938
-29793
87224
-58806
49129
-18529
-50961
-85584
57982
20942
-17179
-29620
-30350
-99546
73358
-30154
98232
-99003
36997
31282
-72124
52988
13827
-39048
59666
-2582
-60761
60090
-14494
80035
67596
-20664
43721
21614
84613
21392
24943
34852
-38770
44869
64993
-27735
80664
-51055
-29265
38194
-22047
-28466
-78939
-98112
-16636
75341
-86043
95107
-13917
61192
-79732
95867
-79557
80665
36780
66059
-55917
-86799
60197
-52381
-79527
-2424
-99359
71698
-30834
94846
26375
-41836
-94772
-71894
-54071
-28857
86650
81897
-98819
56377
37693
-65594
93577
-84915
92795
98996
-45076
22151
2353
-8107
24335
68831
84803
13802
93020
-78578
16559
74227
-32873
-66726
-87692
25880
94385
-46700
70892
-73977
83270
-46325
16774
26386
72166
58526
34273
5817
47047
90049
-46638
-23277
77961
22242
77650
-98072
-26030
12770
-93756
81331
-84462
76191
45020
28258
16635
-48405
-37347
76073
-66807
78226
44791
18124
-90880
74434
-14840
-20043
35098
-59481
-23560
-6502
79704
23785
-4606
61462
38821
-47095
60750
19292
-54614
40615
11629
56920
84163
-8156
-3541
-26038
-65507
-73196
-54198
-26664
-26564
-82409
-1257
85925
-32512
-3658
-30061
-84599
-11078
29326
59691
-60806
41861
-81939
80463
54636
-9178
-76315
20144
52433
42552
35206
36363
-14426
-4097
88917
-97977
-38315
-75359
98025
-35569
-95939
-94984
2846
15386
31095
-65183
21265
-41732
78455
87534
32408
-58512
95094
-57766
-13643
-99254
-26119
59430
77323
85414
-53767
13040
-95271
24031
-67812
67374
60572
-83487
86264
-3108
-48505
-31047
55244
51203
11058
-72612
-51452
-50545
19902
-60966
-34390
-54859
68789
-34714
88274
-17627
15468
-80786
39845
-57012
-14952
-57741
-95248
68189
-64844
-46920
67953
19456
-59244
-36338
-61997
-92759
19046
68855
-45882
-72161
73979
27518
-48446
23782
64274
-33682
32299
-89144
-74889
-73750
-21337
-58332
-97883
-20794
-53419
72721
-37739
-31247
41210
20294
-52393
46655
-95177
-7682
-2437
-33872
7854
-86458
60303
-8414
-89771
80924
41339
38261
-51221
50967
99219
-65019
99417
-45505
62579
68352
61404
89350
56843
90519
-69748
4674
83833
62283
91666
-66791
-24674
-67787
-94510
76176
26373
-24528
-1187
-35680
-46771
55769
14231
90647
-92827
95564
-284
-2005
21567
27500
-97797
-41761
6082
8795
-8631
60809
33643
-18745
-18418
29377
23373
-65546
-95305
-18776
-57327
-61494
58732
62123
-77712
-35758
51620
-52971
-51846
-23919
16387
-36629
-46628
83500
-22909
6562
33680
