28024
-29611
-69644
-93217
62891
-52754
67190
-68776
-23693
38526
-64078
-28631
13467
-48404
-36556
7690
-31679
114
70991
62300
-28382
28015
92834
25046
28877
14991
-41422
-85434
-63934
50170
-72323
20852
62219
-91900
-20053
43237
-60077
95158
-93225
89442
-23105
-53341
32933
913
73101
-42364
-51360
3858
13174
40800
7462
-93502
76489
-16909
97479
-75997
48945
51380
-58294
-75466
-95357
2213
98970
27409
-65623
-18513
32268
-88696
21671
-68472
-78041
-61821
27894
-23589
20367
15210
-11856
96581
35010
43955
-3238
14461
11372
-223
-77615
19911
66988
70257
31289
51426
65209
-15060
89261
2373
29528
7921
-35217
-99100
50561
48182
-47156
96793
58916
-25482
1241
74301
-71217
48726
-66504
-91047
42641
3238
21879
82526
94268
15224
40373
-60202
-55431
-61207
75298
-67871
-18605
-15986
94798
-45304
52208
-21876
56114
89942
24614
-93815
-87891
65576
-21633
54447
-54980
92369
-86856
88566
25143
80376
15563
50475
-5028
-26909
23214
-1818
77989
88355
12920
67642
-37632
-95172
32151
-35561
-26787
43443
27853
-56445
70581
-17525
83
71279
-95951
-45867
42828
-96273
31894
63119
-62620
95547
-68847
-22850
37870
-98262
37108
-52070
-94075
12149
-89162
32838
-16039
-74816
-64288
-9822
57251
6127
-47237
11700
78219
-73100
60424
69080
-11005
7500
-43190
-94050
-86136
77138
87281
-97456
-73876
-44861
2923
-95572
30397
54016
-40582
43703
44464
-13244
16730
-20718
16085
91754
-92072
71223
-66680
88918
-57776
76902
-64340
2818
14948
5662
-19208
-30983
58341
-27580
1627
77615
-17069
-15501
-27354
-33230
10722
56610
78837
-43759
49479
4736
24121
9552
-60115
-63850
30624
92651
-78377
-4830
-97175
-87106
29203
4113
-15868
48198
23893
5284
-41550
-35729
-93331
51346
33538
2157
93143
-20626
7352
-35324
41825
43459
94964
9493
-14078
-48577
-13611
-71100
-8504
-99193
-44150
89565
-84517
-42175
9196
-82490
-65206
-802
2687
-39974
-65442
86197
9485
-69174
14223
-6637
-85418
-34760
43699
-86903
524
-80500
-81002
13467
-75133
-64377
-28205
-71120
-95664
76296
-73659
-77431
-57930
-52983
-62421
-52494
-26061
-67460
70237
29924
89468
-3642
-57141
51907
-12330
8737
29300
-63475
61983
-86430
-68346
-27796
-50168
19445
79292
73609
-36729
-62007
85596
43820
-40221
6027
66694
8352
34
5326
-66235
82444
10230
-39367
-62013
-40958
61757
37152
78666
9353
50336
-19350
-85125
-68951
61019
-31337
85054
90713
-29116
96193
40343
39123
41145
-90098
-8176
-84423
48442
-76868
9913
-54366
54638
-78786
-72943
-38855
9745
38876
422
-82506
87145
46309
73751
-43290
-40358
-62076
-71189
-77976
92831
69842
2649
3464
-68598
4580
-76842
-7263
5740
-75587
