28035
-73142
-9700
53884
60090
80713
-27547
-85959
43882
40191
-66272
45441
-60758
-76022
-37992
-15266
-68476
-10133
53655
-31895
-4477
68206
-87118
95522
-36663
10946
10070
32552
-57680
39133
90702
58572
-34523
99596
22954
-70267
20132
-53603
-3086
68100
-10368
71064
-39453
5941
48241
71413
-85022
-71414
-41019
-25118
90128
13577
-82021
-12426
-29058
-40753
-14243
79755
-4573
12098
-73800
-32175
1713
16961
-77774
-5468
85769
79188
35864
-6511
6693
-4540
-69437
19322
-75122
69404
-30990
77802
25554
-85094
-80199
68528
-2193
-33642
1677
-89777
-12909
-2528
-75741
-40519
19897
84713
47638
71924
76051
-79946
79027
35690
-47936
26436
76922
-49753
-66931
20539
-36792
34015
41480
-78097
-53798
-61958
-29871
65606
-13678
-81113
-78393
73339
-61218
-67968
5474
-34603
-2956
-37047
38882
-51865
76769
73117
27847
-36617
9984
60367
-81198
52712
-40703
-45775
-88339
86293
7517
-72612
21770
7523
-16577
60152
-66744
-38476
58499
82402
747
95055
11015
63327
59623
13231
-14859
-98826
25425
-28016
75473
-3812
-2140
-44887
-82136
77735
65090
25882
-58750
52172
70758
-48370
54088
17558
31138
-10833
-35539
8326
79630
21703
93627
68945
-81664
68126
92805
-57744
87926
-27562
4436
-56146
-30402
91626
-4157
-13713
63446
-16249
55415
56261
97224
37436
78705
-92342
64997
86326
-16523
-37028
-56881
-51662
-84927
62050
25274
54981
79494
-41679
65135
-10146
-3361
50517
45175
-70131
73981
4456
-90690
-10039
-48378
-12634
-27036
-91424
-34362
-68850
2445
-97677
-98432
-92235
431
-90711
73002
-39271
39879
42947
-89222
54607
72419
64644
-99183
-66046
-59759
-97773
23008
-32794
16449
93344
-510
-98347
46597
-52033
30750
-65208
-41876
-30387
27791
-12907
74046
6730
51747
-6270
-44638
69035
99205
-98627
45989
-25022
48274
56569
-7003
94511
19430
3419
8010
81343
56631
21284
42776
-4680
-50720
26556
-71987
-58055
53385
-92906
-73144
-21888
-67672
41044
-39313
-36257
-36434
-83763
-20224
34105
-34709
69905
-24486
81658
-99144
-29128
-73807
-80261
-26019
-29193
-76680
-49236
-29022
31538
54651
51475
42992
94450
-71257
40854
-51926
-25864
27614
12427
-89082
-62257
93998
-59993
33689
-15660
26460
-47182
-6700
33943
-16184
-20476
83689
32555
-58249
-24531
2131
633
55912
61301
70796
-71780
22736
91279
-52502
92724
-78022
73403
-35106
29339
-40091
5877
-14637
75590
-6852
-71926
-31453
27124
-96419
58051
-26394
7243
95480
-58256
-65065
25974
46204
56617
-14488
11863
-40809
-66276
-23811
-13631
19400
-18753
40530
-84385
-64907
19477
26191
-10800
-20791
58543
-8796
-11041
-58108
50565
-57179
-7392
-40523
-81662
26481
8537
-51047
36549
42982
91510
-59562
80604
