-77721
8321
-39827
-97813
-49129
72886
-36552
9190
-86851
25344
-47409
6659
-66326
-37689
97377
4508
54865
-7946
60732
44009
-63746
27739
39195
-23582
-50421
-79855
68809
21288
48440
69531
-47331
67428
29560
4911
49862
86435
-24008
-60167
90418
-64341
94164
-60494
-86813
95568
61017
-27618
-65389
42266
-71144
16630
61623
47911
-14233
94582
79980
95333
-22451
-82626
-96990
33095
-24427
-52437
-18324
-89530
36917
48201
31544
-50567
-32329
27611
86506
92138
-84839
-70237
81469
29085
39974
-5947
73943
-74359
30730
80621
-52659
58832
35389
-57874
30260
1118
-35189
-78928
52410
-67790
-20096
-5321
-20830
-14994
-51986
68137
5012
14765
43551
-75935
-48054
-47204
-3275
-86421
-44460
44532
-24288
-88577
-99095
-92780
19444
-25757
-60311
-19799
24928
-18627
83407
39325
88156
78108
76303
-28700
57915
60689
-99301
84835
-88486
-44195
8081
-87755
19356
-4598
52930
75270
95097
85768
-40994
-12434
46507
24027
78176
-44432
-43025
96649
-3402
-4198
86367
-1827
-59322
-67044
79556
-41789
-47462
41925
21969
47126
-19183
30896
88976
43053
45375
-50932
8147
-83415
18720
-65555
-81992
96254
44345
-40092
29584
-48793
90915
57925
-46981
94908
-5746
55398
1137
-32748
-91956
35262
55690
-13498
-76087
30807
-45071
49385
76523
9798
83530
-88386
81058
77267
-82726
58366
11181
10882
55643
965
-12521
43591
-50692
55455
-50737
97407
-38040
-74195
59233
75812
-21725
70363
86146
-13938
42483
-29089
-49316
-61495
98334
-67806
52795
-22023
479
-59535
-45732
-74889
67485
22280
-57156
80711
-27997
-65565
-50212
47482
7432
90408
84756
17679
4451
-48764
-17565
31137
14662
52241
32836
64088
-58779
-3861
12450
59556
54954
99187
4421
97569
-89668
-12193
-25838
-3240
70183
53279
76541
-95105
-79771
-36968
-4169
-2470
-1685
-54820
-91453
63168
71457
47252
-59268
96562
-77283
64710
-52962
72333
-14410
95141
-31862
85267
-94951
2154
56420
98768
11956
-23034
-33439
40447
64305
-36139
1254
-5187
90250
-67716
56203
85189
