7808
41864
-311516
419894
-525986
540137
-529696
744689
-176446
367925
423498
564520
-557309
4069
417117
-5050
20628
-2240164
1249427
-3344435
-1086398
-1779776
1561033
867924
1652775
1529703
2966889
-693201
-634770
-3199583
-1187741
-3857169
-727764
846012
3721297
1210730
2025942
-366110
1284014
-2243990
-176881
-3330156
3087297
2993217
-197879
1646226
311425
1080558
-3322424
-1401694
704102
-799123
2393833
1601140
860380
552213
-1830816
3155744
-4249595
1394630
517415
-727287
-1259228
1881156
-2015006
3398600
-3438870
4589509
-774327
-195339
1700594
849243
-2543581
1890943
-668445
-2304459
884232
-1694770
-304315
-561708
-1594990
1420359
-1412532
-40807
1564
-166174
-2097732
472936
-3377319
2207581
-2275720
1884787
-2747465
1866074
104482
3302608
-3314574
2286144
-2349315
-1122545
-359323
-3846027
2752146
-177752
-333058
4020621
-1252369
826615
2419747
-1727723
2276971
-2880638
2928942
726100
-2539840
-49929
-11552
-2570051
-1509194
-1397435
5397167
-2484312
8202139
-2239474
2954344
-1660827
-1583556
1722905
-5005218
-796473
4898543
-1356221
2528216
-1425761
1691479
-1390327
-912137
259853
-1231767
1182109
-3262725
-2725776
2163432
-4534000
5266576
-4155190
808136
4291030
-1189974
1773391
-3963428
-398367
-53778
-3044917
-1292405
777410
1335324
-555973
-427729
986551
-1587085
2958072
-5893093
2221953
-1852614
3731554
-863040
-3274613
1117101
710284
-2337885
1842539
-3879394
4425654
-3796012
974529
-3345327
-625444
-355895
-528175
1705603
-1183677
5395015
-2486083
509913
-567177
-1260829
2400959
-1929297
-1715124
4671478
-3819242
3498423
-1674998
-1150115
-485043
-1431732
-24047
-923027
-1205431
2154995
-760647
-914635
2289630
784838
-4547906
218567
-683623
-2260149
1417052
329186
2552874
1195716
-1081879
2710212
-1885240
-431882
-2488433
-2074505
-480709
3030613
-500139
3690905
2226313
-238798
792254
2225639
-589821
-2082510
825178
-2406735
4030478
-3418198
2864318
-3236876
508232
-1091048
-585555
-657956
711799
-1113801
3564574
2479
399376
-1760222
3219542
-927720
-1823602
-921207
1357761
-1389726
-884245
962722
-907241
1259461
-1177271
3264352
-1993527
3702541
-1406257
5456646
-1896515
-207732
-522858
-2633692
-2480582
-1606862
-1147174
3711178
431881
246419
2127843
-3401795
1945077
-3677635
-738426
1426162
802902
-1973025
1759601
1282766
606665
-803301
2141095
-620239
1832331
-2246592
-415655
-793665
-3027897
1955968
-2955796
3697371
1505507
1227172
928857
3997052
-2121465
2017040
-1123618
-521714
-1416058
-1345488
-1207
1799382
1783947
951063
2569208
-403750
571982
560053
-2825492
-746909
-1447465
3087002
-1460928
-898239
3238798
2812504
-781369
2858023
949457
1235090
-1146173
2211302
-4514040
-1385130
1024169
-1698883
969772
-681597
3196423
2696595
442313
3958503
800775
679660
2421076
-2614320
780575
-2406999
2748040
-1984268
-1184480
228884
645259
2726730
-3705784
964859
3889083
-3672898
2073738
-2489266
230050
-1611933
-5224963
2349468
-4059797
3255301
-703488
-2926581
1580479
-1981122
102107
730370
-2536056
4109027
-5237343
1511713
-2391299
-192724
-1700702
-127065
-268088
-485557
2514221
-360236
329588
154593
776014
648098
1263999
417412
1935727
-4121020
915291
-1436405
-3551927
172218
845541
-1748917
1100662
1260238
4865690
-1665477
2357849
1078162
-2078686
-2026619
-872252
