252216
-70331
-581857
-1312720
-953358
-1376948
-704650
-714166
-571757
1224069
-2470669
-648271
-632287
-1240191
523966
236718
-1413800
747698
-814558
54118
2617546
619071
1380217
2924851
1654407
847767
2315441
1048207
-2128188
-947037
-1313455
-2432358
-763060
-503918
-651701
-2669981
-1712499
1419713
-1863742
1469453
3832140
-2152434
1140214
69300
110925
557196
147916
576391
231233
-1168946
182097
-385992
713318
354265
123482
379564
-635445
2141560
233165
-56170
-1950810
-1197998
-793869
-654350
-192104
1124871
-918936
-1349735
-1013364
-2702531
-463576
175809
-1940993
48960
-1054891
-2224475
194983
2765555
-323529
1998421
2732894
1227905
2751043
1822192
-403080
201023
635090
27708
1335283
494891
1709626
1024041
863275
919995
1973963
1567106
224482
801697
-949410
-2064056
-1306359
379654
-783079
1620701
467190
-1419341
975133
1265330
-1794801
500049
1856126
-3882660
17394
1043935
-927472
2363074
2518922
-1012470
1120212
-141013
-1593435
988724
-114937
-1075908
-203331
-273346
-2521348
-595454
888281
2230049
503037
2748147
146262
-317477
-298505
185105
-1730982
1178549
1067764
-1215886
200202
46337
1578514
863698
3934017
1216040
248729
-811178
1823803
728882
1349753
2698239
343577
-1128867
-285918
-2377452
-956431
427015
-1014856
848914
-146228
-2764956
208035
491572
-2309117
2252416
550056
-2629722
1148140
-782535
-2030628
3209074
-1749205
-1019237
2290063
-3821366
613950
841844
-2674757
839528
-2379745
-2280584
-261896
-3215747
-599885
-829366
-1577920
468615
-540696
348144
2848461
31454
816099
1390752
1295960
2625065
-235108
693737
-626095
-3276280
-207205
694294
-1957792
-1164956
-258369
-3716514
-3837503
452598
1090496
985115
903012
1755949
65943
-1319558
2159611
3491142
-1016555
2033964
1301036
-697058
618170
-862232
300578
-236844
257187
-1083020
1017296
-2010263
480234
99961
42436
-146943
516204
821946
-614855
-386464
728015
-908121
190725
2112235
983093
353082
1236872
70568
-1590714
682663
328806
-102610
-251400
-242732
-2361317
-1488095
-1333438
-3990466
-480581
602401
-243909
2155490
743245
-2648157
-354215
87677
-433484
1475571
2470103
-84387
1683055
155066
-1452207
1246812
1549019
1596072
3044588
1654675
-1287045
-1139235
-2483669
-2374978
-1699501
-101601
-2539642
-1411492
-2183397
-2983152
-578633
-2311047
-1552433
1580318
-1556726
-221378
2551058
-1289260
-855134
912595
519013
-1057368
-839704
558072
-172964
-2899989
-603310
-164162
-5005091
-1434352
-469574
-3188339
-1185734
-445665
-2960085
-362222
-1030008
-2685046
804811
-2692222
-2626767
422365
125345
-810663
2653542
1747870
-91979
3070416
1228773
923827
1672425
747920
2294111
152322
-2137954
-969256
-3676650
-1740246
-12405
29277
1405470
345050
-142778
1618436
-130938
197021
2699446
3028945
829118
-523462
114138
295061
-1719273
417351
838522
-2721297
-74024
-2623
-858982
1048028
2280462
1016875
20300
-817422
-1373157
-579108
924600
1954338
912959
2629546
-790365
814397
2618755
-1037674
1976716
1498761
-1775989
-1071644
-1655604
-2360248
-1186047
-1452200
-3558360
-1682313
-2509080
168550
-642758
341157
1506854
899192
760812
1672197
65328
1468393
-325076
-1912723
-833890
7583
-223213
1670664
-443391
-48488
-2735935
-2830597
744381
-129591
