252315
-462033
-346979
39128
155348
1641034
550830
736072
1487509
-602419
-959284
659428
-1004844
522491
-318147
-3993474
-1614332
-2403026
-2585660
780104
808702
-1529966
40481
1816319
-823835
1021199
3355396
-678175
1395715
1475187
-149053
1248057
2189764
112671
2675395
1021762
-363929
-1177410
1184977
-312366
-1704485
2550328
-129463
-2101053
1509078
-292720
-934143
443867
-415637
-783709
243586
-2336299
-206631
534592
-1846976
-1131662
-1476843
-2378881
1083589
2291332
-179159
322725
-96706
-2881394
-657696
568093
793246
1202745
1857057
-39270
1387589
1485564
-617391
83092
-45025
21284
-76730
347011
1080265
-2093984
-1243610
-996760
-668483
-611699
95000
-719345
1537150
-2354742
-3271977
-338673
-2256769
-332223
2715537
892646
1698662
2519587
1862634
1280910
1587330
2003785
561662
2254363
1023574
-2644957
-1619956
41773
-3197863
-867838
1470307
-3112633
-2458326
262117
-2680657
-1200538
912036
-801629
-1142503
-1730620
-2164613
-503153
1511601
-1555800
-301045
811444
-592636
661017
2899567
1891670
-22058
2632021
742651
167711
-158690
872527
-792810
-2073342
12347
-1755545
-1783074
-545021
1435449
-1238646
-1488888
1304247
846812
-664423
2840640
1898731
253615
3669404
2641287
-293009
2875728
-177300
-487988
528768
-372721
-1368792
-506203
-1797
-2406772
-1117224
-1387563
-202734
615616
1944453
2403704
299484
-408792
221895
2295765
1237076
-318047
1257306
225767
-1352182
1761647
2742580
15609
2081133
607736
85133
2129758
-630554
1951364
1827026
-3934463
353853
-363732
-2461793
1176859
965404
-137221
310876
612862
3282214
2249032
1267414
3126101
1156506
-928439
1908321
-1221881
-497724
-1445725
-3735084
-2586333
304084
-143481
103140
2902165
-679433
-981176
2242550
1284561
1647422
2865625
107599
-755416
-319215
-4029915
-256838
-1044422
-4112067
-432452
-1822227
-3905253
-1887404
-2825171
-3274791
-1936878
-2211367
-1430393
-725196
191389
2252596
-886695
2493215
1130994
1515036
2991549
1123422
422830
-378073
-2758012
-3263171
166407
163486
-573377
516898
-370649
-2771454
630689
472179
-1164467
2726858
-660797
-1528639
584298
-202961
-16049
2331830
-174349
1712645
1142504
472119
2224143
872721
878389
1542741
-2344237
2432858
1834236
-297213
1836384
1196490
246202
1707863
1605755
1684089
1146487
-1194950
-1580453
-1275838
-1332069
-2743863
-810532
-2555234
-4398174
-668313
-3008526
-2526521
1254668
-2282072
-1509001
240855
-1678445
904915
1392256
1550081
1664065
-1144113
-402660
-1506555
-956138
-1788733
-774948
-1689459
-2294513
-1959668
-357653
-1174710
1742211
3631436
1887204
2708348
1421225
85267
1861733
-221427
718512
-542560
-1684446
-1931360
-719668
-2663772
267286
1712613
-2061346
518461
867188
-624178
396128
2717399
412987
-409740
-483351
732366
-310989
-298128
3048439
1562442
-111656
1747112
-81261
344793
-289621
2410373
1867612
-1782006
362579
-893130
-1416729
-54487
990550
-1689475
124566
-1433765
-1016618
-1079718
-1460965
185725
1930669
-1707710
931119
10544
-1877435
2003830
1182040
49973
2869934
-488696
-2242988
-933531
-1103574
-1154334
636536
194319
-1448953
-2092410
-1701293
-27087
-540284
1239258
2012382
328862
-1430818
503888
67246
-992581
326999
-778514
-343291
-2242432
-970830
129771
-782050
1337244
1682527
279292
