699489
158274
22596
1421687
1001013
-1372398
1174715
1093355
583167
489852
2033616
744763
1771642
221868
-868147
-625491
2383684
-1170946
-531149
2320318
1270222
205091
-1692623
1042058
494625
-1728695
-483495
254116
1307429
-893396
341892
-1671288
-69581
1634305
-745939
-5100648
567830
-455091
-2990931
-260613
475128
-1470753
-140515
936659
-2273693
1662465
212098
-2325517
-1636225
2580236
-858275
-2098958
122052
-4251266
-302944
229412
-20073
1092245
981186
-3766496
-372154
1404966
-1622672
-224612
-587906
906199
1914974
1828832
806187
-459318
-3526701
-701451
2257716
-769222
-3644736
-875442
3153965
-968141
-170291
210165
-720899
-1111780
2434058
1203687
-3045138
-1274231
-2187632
-588040
2794837
293892
-4419453
-832359
3089852
1106199
-1538666
916857
-1452194
-89729
2462234
2249515
-2900565
-897067
1464772
997006
645011
1586609
527765
-1771475
744908
4714417
-219009
2773440
3136703
262559
1201256
2550387
-2180136
1111709
2356341
206213
-217145
1482928
668022
-386196
-1953744
151891
1080570
-631803
-2425097
2078779
159234
-1224752
1875795
-1608392
-441527
1669465
-490767
-2437441
-1575000
154539
-2889620
365822
-2191045
-2672833
-676317
-2160932
-1161888
3564949
-1581266
-503403
2801997
-2194627
-1210323
-253351
-761349
-1883352
-2471546
163153
-200880
1112859
-1372468
-2876728
636713
1146011
-859946
-453221
-848435
-663184
-1171072
-263013
907541
1702262
-2948068
1235207
2301507
-1031432
-443135
134343
-3795108
-1901296
528450
-604367
-796050
214970
1477207
-821483
-30288
-1365432
960390
2293737
-2803797
150477
831429
-2639865
-280782
-1344411
-2422241
2196613
-1849378
-1013835
-1518129
-1161221
2469613
-1630013
-1233342
-96983
1881074
-2538453
-186921
14528
-3234596
-3698847
5962595
-2153699
-4039560
179819
-1065743
162974
329114
39164
-2202991
-1457405
361267
-942105
-1710370
3517750
-673284
455676
2151771
-1355936
-511128
-1507963
-1266640
1602273
2008851
-336519
1584956
-2408522
-791392
618304
-998090
-581784
3283070
1120589
-2972251
1127590
-2851469
-2600283
-269077
2211906
-785790
590963
-382860
-2052665
-1913124
-4249332
400621
660441
-1153140
-1019812
1547268
-4258443
-2544368
-1015619
1069107
912782
1294455
1271774
-1592512
-1143819
-1277493
-1646918
597601
977112
1717749
-808422
1271635
-939396
310455
-2404841
1418673
-3997465
1907753
498811
1158036
-1171893
90199
-2728490
246718
1123971
822904
-3171180
-2902744
386177
947207
-1631875
-1212121
60754
-1640072
-3633587
